14.57001926
15.2279603507
15.934102317
16.4217829558
16.836418956
17.2346439906
17.5758459622
17.9104543501
18.1780074589
18.5543855764
18.7006554037
19.0388242428
19.1720185353
19.3711295152
19.5555026238
19.8185930766
19.9445025196
20.0642537602
20.3389008923
20.5047456137
20.6854007995
20.8610322507
21.0518440051
21.2037930719
21.3636137766
21.5790014334
21.813277279
21.9665751024
22.1428940056
22.3799192408
22.5579272526
22.797376642
23.0011594448
23.3004345026
23.5036280324
23.8666293039
24.2445519795
24.6411323707
25.3039940191
25.9259729107